0
Believe
75
0
153

0 0 0 0
0 1 9 2
0 0 5 4
0 1 4 6

0 1 2 8
0 0 7 10
2 0 7 12
0 1 2 14

0 0 3 16
2 0 3 17
0 0 3 18
0 1 7 20
2 1 7 21
0 1 7 22
0 1 8 23

1 1 0 24
0 1 2 24.5
0 1 1 25
0 1 3 25.5

1 0 9 26
0 0 7 26.5
0 0 8 27
0 0 6 27.5

1 1 1 28
0 1 2 28.5
0 1 3 29
0 1 4 29.5

1 0 8 30
0 0 7 30.5
0 0 6 31
0 0 5 31.5

1 1 8 32
0 1 4 32.5
0 1 3 33
2 1 3 33.5

1 0 4 34
0 0 5 34.5
0 0 6 35
2 0 7 35.5

1 1 5 36
0 1 6 36.5
0 1 8 37
0 1 0 37.5

1 1 1 38
0 0 8 38.5
0 0 8 39
0 0 7 39.5

1 1 5 40
0 1 4 40.5
0 1 3 41
2 1 2 41.5

1 0 4 42
0 1 1 42.5
0 1 2 43
0 1 3 43.5

1 0 8 44
2 0 7 44.5
0 0 1 45
2 0 2 45.5

1 0 4 46
0 0 5 46.5
0 0 6 47
2 0 7 47.5

1 0 2 48
0 0 7 48.5
2 0 7 49
2 0 2 49.5

1 1 0 50
0 1 2 50.5
0 1 1 51
0 1 0 51.5

1 0 5 52
0 0 6 52.5
0 0 7 53
0 0 5 53.5

0 1 1 54
0 0 6 54.5
0 1 8 55
0 0 3 55.5

1 1 6 57.5
1 1 8 58.125
1 1 7 58.75
1 1 9 59.625
0 1 8 60
0 1 7 60.5
0 1 7 61

1 0 3 61.5
1 0 1 62
1 0 2 62.875
1 0 3 63.625
0 0 4 64
2 0 4 65

0 1 0 66.75
0 1 1 67

1 0 2  67.75
0 0 1 68.5
1 0 8 68.875
1 0 9 69.625
2 0 9 70
2 0 8 71
0 0 3 72

1 1 0 74
1 1 4 74.75
1 1 2 75.625
0 1 2 76
1 0 4 77.5
1 1 7 78.125
1 0 0 78.875
1 1 8 79.625

1 0 8 83
0 0 7 83.25
0 0 6 83.5
1 1 1 85.5
1 1 2 87.125

1 1 1 88
0 0 4 88.5
0 0 3 89
0 1 0 89.5
0 1 9 90
0 1 8 90.5
0 1 6 91
0 1 7 91.5

1 0 4 92
0 0 3 92.5
0 0 2 93
2 0 1 93.5
0 1 8 94
0 1 7 94.5
0 1 6 95
0 1 5 95.5

1 1 0 96
0 0 5 96.5
0 1 2 97
0 1 7 97.5
0 1 4 98
0 0 9 98.5
0 1 3 99
0 0 8 99.5

1 0 0 100
0 0 1 100.5
0 0 2 101
0 0 4 101.5
0 0 5 102
0 0 6 102.5
0 0 7 103
0 0 9 103.5

0 0 2 104
0 0 7 104.5
0 0 2 105
0 0 7 105.5
0 0 2 106
0 0 7 106.5
0 0 2 107
0 0 7 107.5

0 1 0 108
0 0 5 108.5
0 1 0 109
0 0 5 109.5
0 1 0 110
0 0 5 110.5
0 1 0 111
0 0 5 111.5

0 0 4 112
0 0 4 112.25
0 0 3 112.5
0 0 3 112.75
0 0 2 113
0 0 2 113.25
0 0 1 113.5
0 0 1 113.75
0 1 6 114
0 1 6 114.25
0 1 7 114.5
0 1 7 114.75
0 1 8 115
0 1 8 115.25
0 1 9 115.5
0 1 9 115.75

0 0 4 116
0 0 4 116.25
0 0 3 116.5
0 0 3 116.75
0 0 2 117
0 0 2 117.25
0 0 1 117.5
0 0 1 117.75
0 1 6 118
0 1 6 118.25
0 1 7 118.5
0 1 7 118.75
0 1 8 119
0 1 8 119.25
0 1 9 119.5
0 1 9 119.75


1 1 0 120
1 0 1 121
0 0 1 121.25
0 0 2 121.5
0 0 3 121.75
0 0 4 122

1 0 5 122.5
0 0 7 122.75
0 0 6 123
0 0 5 123.25
0 0 6 123.5
0 0 7 123.75

1 0 4 124
1 1 3 125
0 1 3 125.25
0 1 2 125.5
0 1 1 125.75
0 1 0 126

1 0 5 126.5
0 1 9 126.75
0 0 4 127
0 1 0 127.25
0 0 6 127.5
0 1 3 127.75

1 0 9 128
1 1 5 129
0 1 6 129.25
0 1 7 129.5
0 1 8 129.75
0 1 9 130

1 1 7 130.5
0 1 6 130.75
0 1 5 131
0 0 0 131.25
0 0 1 131.5
0 0 2 131.75

2 1 7 132
2 0 3 134


1 1 0 136
1 0 1 137
0 0 1 137.25
0 0 2 137.5
0 0 3 137.75
0 0 4 138

1 0 5 138.5
0 0 7 138.75
0 0 6 139
0 0 5 139.25
0 0 6 139.5
0 0 7 139.75

1 0 4 140
1 1 3 141
0 1 3 141.25
0 1 2 141.5
0 1 1 141.75
0 1 0 142

1 0 5 142.5
0 1 9 142.75
0 0 4 143
0 1 0 143.25
0 0 6 143.5
0 1 3 143.75

1 0 9 144
1 1 5 145
0 1 6 145.25
0 1 7 145.5
0 1 8 145.75
0 1 9 146

1 1 7 146.5
0 1 6 146.75
0 1 5 147
0 0 0 147.25
0 0 1 147.5
0 0 2 147.75

2 1 7 148
2 0 3 150


1 0 0 152
0 0 9 152.5
0 1 5 153
1 1 4 153.5
0 0 1 154
0 0 8 154.5
1 0 0 154.75
1 1 6 155
0 1 3 155.5
1 0 2 156
0 0 7 156.5
0 1 6 157
1 1 5 157.5
0 0 3 158
0 0 2 158.5
1 0 2 158.75
1 0 1 159
0 0 0 159.5
1 0 0 159.75
1 0 0 160
0 0 0 161
1 0 7 161.5
1 0 7 162.75
0 0 6 163
1 0 5 164.25
1 0 5 164.75
1 0 5 165.5
1 1 1 166.5

1 1 2 168
0 1 8 168.5
0 0 5 169
1 1 8 169.5
0 0 3 170
0 0 8 170.5
1 0 0 170.75
1 1 6 171
0 1 3 171.5
1 0 2 172
0 0 7 172.5
0 1 6 173
1 1 5 173.5
0 0 3 174
0 0 2 174.5
1 0 2 174.75
1 0 1 175
0 0 0 175.5
1 1 4 175.75
1 1 4 176
0 0 2 177
1 0 7 177.5
1 0 7 178.75
0 0 8 179
1 0 9 180.25
1 0 9 180.75
1 0 8 181.5
1 0 7 182.5

