0
Psychogenesis
170
0.26662
134

0 0 1 -0.26662
0 1 3 5.5
0 0 6 10.25
0 1 8 14.75

1 1 1 19
0 1 2 20
0 1 3 21
0 1 4 22

1 0 6 23
0 0 7 24
0 0 8 25
0 0 9 26

1 1 3 27
0 1 2 28
0 1 1 29
0 1 0 30

1 0 8 31
2 0 8 32
2 0 7 33
2 0 7 34

0 0 5 35
0 0 5 36
1 0 9 37
0 1 9 38

0 1 0 39
0 1 2 40
1 1 7 41
0 1 5 42

0 0 2 43
0 0 2 44
1 1 7 45
0 1 7 46

0 0 1 47
0 0 2 48
1 0 3 49
0 0 5 50

0 1 1 51
0 1 3 52
0 0 8 53
2 0 8 54

0 0 1 55
0 0 1 56
0 1 3 57
2 1 3 58

0 0 0 59
0 0 2 59.5
0 0 3 60
0 0 4 60.5
1 0 5 61

0 1 9 63
0 1 7 63.5
0 1 6 64
0 1 5 64.5
1 1 4 65

1 1 2 68

1 0 7 72

0 0 1 74
1 0 1 76


