0
Spider Dance
Shirobon
115
0.06
1 1 7 0
0 1 6 2.302
0 1 5 4.270
0 1 0 6.010
0 0 4 8.140
0 0 3 10.030
1 0 2 12.010
1 1 2 15.990
0 0 0 20.250
0 0 0 24.260
1 1 7 28.020
1 0 7 35.370
0 0 7 37.390
0 0 7 38.400
0 0 7 39.390
1 0 3 41.430
0 0 3 42.430
0 0 3 43.440
0 0 2 44.440
0 0 2 45.430
0 0 1 46.440
0 0 1 47.440
1 1 7 51.450
0 1 3 55.440
0 1 6 59.430
1 0 0 63.430
1 0 0 67.460
0 0 0 71.470
0 0 7 73.262
1 0 7 75.470
0 0 6 79.430
0 0 6 81.720
1 1 6 83.450
0 1 3 87.450
0 1 3 89.210
1 0 7 91.460
0 0 0 95.440
0 0 7 96.410
0 0 7 96.660
0 0 7 96.920
1 1 3 99.460
0 1 3 101.500
0 1 2 103.460
0 1 1 105.460
1 0 6 107.470
0 0 6 109.440
0 0 7 111.460
0 0 8 113.470
1 1 9 115.430
0 1 0 117.417
0 1 1 119.496
0 1 2 121.482
1 0 4 123.475
0 0 5 125.477
0 0 6 127.493
0 0 7 129.495
2 1 7 131.370
2 0 2 135.453
2 1 2 139.400
2 0 6 143.430
0 0 2 147.453
0 1 8 155.440
0 0 2 161.480
0 0 2 162.018
0 0 2 162.560
1 1 7 167.460
0 1 9 171.480
1 0 2 175.500
0 0 0 179.450
1 1 3 183.490
0 1 1 187.460
1 0 5 191.466
0 0 0 195.450
1 1 2 199.480
